100
3894 3757 2722 4356 8330 9529 5029 4496 3181 6993 8841 10000 3483 6293 7027 416 8893 6744 7980 1501 2062 6207 1237 3555 4436 4474 2497 5566 2772 7999 3105 3953 3454 301 6196 3333 7846 4758 2917 6648 3506 2474 9162 2013 2555 5396 7620 991 3765 8646 7554 3805 3084 3335 6695 8903 3417 1272 4066 1185 5315 1566 3003 6892 1773 5684 5303 1632 2312 9928 4930 2336 4396 9094 9682 6641 5563 6912 9449 717 5107 4787 639 7198 3576 9626 7991 4767 9550 4458 6176 5729 1079 1518 4953 9547 6016 3762 8242 8922
65
60 23 1 22 36 24 7 20 52 33 58 31 46 26 29 34 5 2 19 28 56 54 53 17 13
51 22 37 29 32 47 33 26 3 25 36 6 21 4 24 11 46 19 2 49 50 40 5 23
25 10 23 24 15 6 14 12 21 10 3 7
56 23 52 32 50 31 18 36 16 14 15 51 42 13 12 22 49 3 27 10 6 38 55 34 19
18 10 3 4 15 11 14 10 12 6 5 17
22 9 20 21 5 17 14 7 19 8 1
26 11 20 4 9 10 22 2 19 7 23 1 13
55 23 16 30 11 24 43 41 37 22 47 20 9 40 54 25 15 51 1 36 19 38 23 4 52
67 20 61 16 19 3 55 22 33 44 20 34 40 58 9 62 15 63 54 17 53 52
9 2 3 4
33 11 26 18 7 31 28 23 27 30 1 24 22
46 9 21 3 8 25 13 22 27 40 26
98 31 54 37 79 97 38 67 58 76 68 71 61 9 18 32 39 93 95 85 40 62 46 31 17 27 45 48 1 43 4 36 90
2 1 1
50 20 39 17 8 2 6 20 43 31 14 36 22 4 32 15 42 47 35 10 18 30
63 26 28 21 12 38 56 15 1 9 13 16 47 51 4 30 29 36 40 42 14 37 8 19 61 58 50 53
59 19 41 32 26 10 57 23 29 34 16 37 18 39 49 38 48 20 14 53 42
30 14 28 11 5 20 14 29 23 21 13 3 6 1 10 25
57 23 9 50 3 41 1 11 7 2 35 54 52 51 40 20 17 34 31 12 56 5 28 22 6
54 24 48 52 43 21 30 24 35 34 5 22 14 47 32 36 44 20 26 25 10 33 28 51 9 31
35 13 8 24 15 28 5 20 1 6 27 22 11 14 16
34 18 6 27 11 20 16 32 29 3 14 23 19 25 28 2 17 24 22 18
76 32 33 23 38 8 36 75 67 21 54 20 31 41 58 18 74 39 5 35 10 25 60 44 16 34 22 55 27 30 29 69 43 45
14 4 8 2 12 5
78 32 53 67 5 38 36 33 74 17 44 20 77 49 48 18 10 57 55 26 70 9 16 29 19 51 73 56 59 45 4 8 52 69
45 21 12 40 13 9 10 17 42 19 22 11 16 1 41 37 14 21 36 3 38 25 31
42 16 17 3 33 6 15 20 35 7 12 30 19 27 5 4 38 9
77 25 24 45 3 28 11 15 43 9 58 57 52 14 30 54 46 59 61 25 36 10 71 69 55 6 32
74 24 10 27 36 4 9 68 15 63 71 66 50 34 55 41 29 17 67 37 12 48 49 64 45 57
81 26 78 17 20 3 52 26 60 10 14 30 24 36 67 37 58 1 72 38 33 63 62 47 44 50 11 68
43 19 36 28 4 38 8 1 15 3 29 14 40 7 20 37 24 2 39 27 18
64 28 53 56 50 35 48 2 30 20 58 41 9 62 1 15 57 32 52 25 24 42 31 22 11 39 61 10 59 37
4 1 1
53 18 48 13 50 41 27 34 40 23 35 5 3 30 7 49 29 47 14 16
49 15 7 30 12 33 8 26 19 23 22 5 20 1 41 32 45
89 29 16 57 9 33 30 27 59 17 76 69 21 51 20 45 84 81 3 32 31 47 63 80 64 67 5 53 14 29 88
100 40 27 14 37 90 28 42 73 77 43 80 59 25 76 16 32 20 75 62 8 9 23 94 41 19 70 85 39 4 15 64 86 78 99 91 34 57 45 96 7 95
58 28 45 56 6 51 8 23 7 24 54 14 16 20 37 30 2 12 19 50 40 33 22 46 47 4 41 3 53 52
19 12 16 6 18 15 8 3 2 1 4 14 7 13
24 10 12 22 16 20 11 21 23 8 14 2
5 2 4 2
39 11 34 14 11 26 6 38 4 8 27 22 29
92 32 12 82 37 77 53 39 4 13 23 33 80 54 42 69 71 7 38 8 64 16 75 72 9 52 14 63 1 18 88 67 31 79
27 11 6 10 9 25 3 12 13 23 18 19 26
36 14 4 26 5 9 19 10 30 12 11 34 8 20 13 35
31 15 8 5 21 12 19 16 11 9 14 30 18 23 29 27 1
62 31 7 52 39 21 8 29 43 22 44 28 17 37 15 25 58 49 11 12 18 53 55 51 16 31 24 54 10 38 5 61 1
88 30 41 84 62 28 25 73 33 69 26 57 61 72 63 10 31 87 43 47 15 42 83 6 8 68 9 70 17 75 24 76
96 37 47 14 50 76 24 26 74 65 3 2 59 86 25 70 84 94 36 51 11 48 29 22 88 58 42 21 91 46 61 89 39 67 38 23 34 90 72
12 4 11 6 3 1
41 13 9 38 18 4 40 19 28 36 13 21 12 27 35
87 38 50 35 30 18 54 49 60 8 2 55 76 72 52 32 78 14 46 47 79 58 77 34 71 43 53 61 56 5 44 15 23 16 12 7 40 38 26 48
71 34 25 22 45 33 27 18 24 23 43 62 10 61 40 36 31 3 1 66 63 52 17 26 20 65 15 11 30 49 21 12 6 58 9 70
93 42 62 80 51 82 33 88 68 30 28 19 21 84 42 59 38 15 55 34 3 27 83 91 1 92 36 12 11 46 26 29 22 20 44 69 24 53 5 63 18 52 70 66
20 7 7 3 12 18 13 4 2
44 18 18 8 29 13 15 43 37 31 10 11 4 25 1 3 23 33 9 24
47 16 32 34 29 19 39 35 22 11 23 9 36 42 12 37 7 18
61 25 37 23 58 13 27 15 42 55 14 19 36 59 3 26 30 4 17 5 2 56 12 41 40 51 6
23 12 11 9 17 21 14 16 22 2 7 8 12 19
66 27 27 46 8 64 19 56 62 17 60 65 58 55 15 24 47 18 61 37 25 20 3 12 22 16 41 43 63
11 2 10 8
21 8 3 6 15 2 5 19 20 12
28 12 10 27 25 18 19 9 2 3 11 24 21 14
85 38 25 84 38 68 83 44 50 43 60 1 40 30 8 75 74 5 61 64 81 36 28 56 62 3 27 79 63 37 39 52 47 41 45 73 23 57 2 49
73 30 25 38 4 64 6 27 56 35 5 65 11 21 52 30 24 9 54 26 32 61 1 60 66 7 57 46 72 39 53 28
