100
4131 7379 7519 1307 1058 1435 8287 8569 781 6394 9892 8575 297 254 686 9138 9208 4643 3736 8828 2040 3975 8941 8726 209 4951 4249 6935 1916 2116 302 550 5605 6357 4763 5914 7413 9827 4549 2337 8942 8034 1726 2535 3317 7790 8039 3721 6354 4295 7269 2614 1346 4952 7654 9375 4764 7281 678 7337 9688 6379 1450 3700 6621 1332 6729 1683 4861 7604 1348 6390 4530 2984 8289 5549 7872 554 5264 8589 3839 9603 6930 8140 6776 8237 5349 5887 843 5405 5568 3356 7203 8024 6973 4321 6003 3279 741 4215
52
3 1 1
7 4 2 5 4 1
57 25 6 40 16 36 39 18 12 8 44 48 46 51 5 56 43 23 24 11 9 17 53 22 31 37 55
34 21 23 8 31 12 13 28 27 5 2 21 7 4 33 11 18 30 32 9 10 16 22
19 8 9 13 1 16 10 8 15 3
15 5 7 6 5 9 13
97 46 16 58 47 22 17 49 20 96 27 28 15 90 24 69 63 78 8 37 56 80 41 60 85 62 34 92 57 72 13 70 43 88 52 75 86 87 67 21 53 55 79 4 35 7 36 39
28 15 19 24 10 21 25 3 12 7 11 15 23 26 27 13 1
50 23 36 15 3 21 10 27 35 30 48 45 34 5 31 32 38 22 46 1 25 8 12 44 39
85 40 67 72 32 19 17 70 45 22 81 9 44 54 75 1 25 7 79 10 27 77 13 36 8 23 61 34 24 58 59 56 69 48 55 28 21 46 66 12 5 15
43 21 37 33 23 34 6 42 9 22 21 32 25 19 5 30 27 4 10 11 7 14 13
45 19 18 25 31 43 26 32 29 41 42 44 14 1 36 16 24 34 4 38 12
20 9 5 3 9 11 1 14 19 8 4
89 45 29 82 66 20 59 18 68 6 58 60 3 2 61 55 21 40 15 87 48 36 23 19 35 77 1 10 34 64 86 80 63 41 25 81 27 79 46 67 76 11 45 38 88 5 9
11 4 4 9 3 8
67 25 40 29 54 26 34 42 39 57 2 27 36 9 43 35 6 64 55 8 33 3 53 21 61 18 22
100 43 31 71 18 21 60 40 52 3 93 20 5 62 67 45 12 77 37 43 88 65 68 24 1 26 94 81 15 2 76 73 25 4 23 46 90 28 82 10 70 33 85 14 87
48 27 25 16 26 24 5 7 39 43 13 40 46 22 18 33 6 4 9 28 47 44 45 21 15 2 17 1 30
26 13 14 21 19 25 22 10 16 5 24 23 2 18 11
75 44 15 31 74 3 53 27 23 43 39 9 6 67 71 62 1 49 10 70 44 68 5 7 14 54 33 11 63 47 35 72 22 41 45 57 19 18 20 38 58 65 48 32 73 28
6 3 1 5 2
69 35 1 6 38 48 5 12 39 63 45 31 62 14 17 20 47 26 65 53 58 54 57 50 43 27 33 61 46 52 66 3 35 22 2 36 4
86 35 17 58 55 61 24 47 82 43 19 59 7 42 5 57 39 63 30 77 22 74 40 33 27 78 69 85 70 84 9 38 52 23 72 54 66
37 19 6 36 18 15 12 21 10 11 31 27 28 16 5 33 26 20 8 35 32
99 49 20 75 78 35 61 67 68 65 82 59 72 54 90 12 86 87 55 30 81 85 97 28 10 21 37 29 94 48 93 53 80 9 83 7 23 32 98 52 8 44 33 70 18 1 39 47 14 5 56
18 8 7 16 9 1 15 11 14 17
72 38 5 57 60 1 2 66 58 32 7 42 68 3 28 33 69 13 35 24 21 63 26 51 54 48 11 19 20 37 17 41 36 62 10 64 45 46 71 31
47 18 39 35 23 25 37 41 46 22 17 32 11 8 13 10 45 20 31 18
78 37 1 10 2 15 69 42 19 51 8 77 36 31 41 3 30 28 46 56 34 20 27 68 57 24 16 13 7 58 50 17 71 52 29 76 67 9 74
40 19 2 37 29 12 26 28 16 24 3 13 21 22 1 14 25 15 19 27 11
70 33 22 4 30 65 38 62 23 37 53 48 47 16 8 40 6 32 11 33 15 2 19 28 26 41 24 55 49 68 10 14 7 42 34
66 24 33 60 50 55 58 1 16 39 25 14 3 23 42 34 15 29 17 41 38 47 21 7 35 28
84 37 51 65 57 37 32 11 8 34 30 74 46 67 43 25 48 76 4 31 17 9 3 21 5 53 22 49 44 61 29 7 69 33 42 16 50 40 20
16 9 11 8 7 9 6 10 14 5 3
71 36 59 14 6 16 27 3 40 15 60 31 26 13 34 4 18 28 21 47 33 48 19 23 11 50 12 37 7 35 8 54 58 52 49 65 36 25
49 24 19 21 46 29 44 10 5 38 18 8 48 23 43 28 4 47 31 22 30 32 26 12 14 15
21 11 3 2 14 11 16 8 5 19 20 7 18
44 15 18 6 12 14 27 17 39 34 15 35 13 8 20 22 7
2 1 1
53 28 6 25 23 40 32 27 49 30 37 7 11 46 41 33 19 43 16 52 48 34 39 26 28 14 24 42 9 12
46 19 24 29 21 45 16 19 10 9 42 38 43 1 28 40 6 31 4 44 23
31 13 10 23 25 30 8 13 14 24 20 12 26 6 19
98 51 24 52 68 35 10 57 64 71 19 82 38 56 85 2 61 88 20 13 22 8 74 17 65 83 69 43 26 93 58 30 21 81 95 5 89 12 60 16 59 9 54 50 14 47 36 37 3 7 33 62 79
32 14 9 13 29 22 6 3 16 24 27 4 17 30 26 14
68 31 4 25 42 27 1 54 8 18 22 7 67 21 53 36 11 56 66 17 16 58 46 47 35 43 34 28 26 13 37 3 2
9 4 5 4 7 2
92 42 91 23 87 54 44 14 78 52 38 35 68 49 71 39 55 10 73 86 43 25 28 72 13 46 40 26 32 62 12 90 15 84 29 7 51 81 58 31 17 9 30 76
56 34 39 34 29 21 11 1 13 22 19 4 37 51 32 43 33 17 40 41 23 12 10 50 38 45 49 55 25 15 48 30 27 47 3 16
81 34 16 14 27 8 55 75 42 32 44 24 41 54 10 74 22 63 12 6 13 70 47 37 20 65 4 29 68 69 39 66 79 61 57 46
61 23 44 8 57 13 19 4 58 55 10 23 31 29 60 1 6 16 32 7 59 28 45 27 53
80 43 45 40 47 15 59 14 9 27 2 39 74 17 54 48 42 61 78 30 22 44 63 5 55 16 57 12 38 33 7 73 3 1 10 41 64 66 23 13 31 62 6 35 32
88 41 43 72 40 24 5 32 4 6 16 38 51 58 9 82 70 14 2 13 12 15 44 84 39 26 48 85 53 81 37 56 69 79 75 41 30 11 28 25 47 64 71
