100
1639 1493 8729 5453 37 8064 2087 615 1353 30 9290 8989 7846 7506 5660 5884 353 6167 9376 4808 6596 1045 5570 9073 7643 475 9146 6806 7742 6442 1658 7540 5171 5977 50 6157 8207 1161 6185 7868 9315 194 3612 5026 9143 5707 8892 9240 7802 3465 6559 8632 7147 2885 9408 2473 2192 7032 9342 7106 7387 3457 5942 7911 5656 7136 5449 6124 5535 5240 3968 235 7903 7342 2253 3204 6603 5068 7286 4501 6662 7890 6921 5542 9490 6621 5144 8844 2782 9333 5791 6215 3333 6547 3411 6859 6913 1062 9654 8493
99
2 1 1
3 1 1
4 1 3
5 1 1
6 1 5
7 1 3
8 1 3
9 1 4
10 1 1
11 1 5
12 1 1
13 1 11
14 1 4
15 1 10
16 1 6
17 1 6
18 1 17
19 1 12
20 1 2
21 1 16
22 1 21
23 1 6
24 1 7
25 1 1
26 1 2
27 1 3
28 1 3
29 1 17
30 1 4
31 1 11
32 1 11
33 1 19
34 1 31
35 1 24
36 1 4
37 1 25
38 1 22
39 1 35
40 1 33
41 1 28
42 1 34
43 1 16
44 1 7
45 1 43
46 1 8
47 1 31
48 1 39
49 1 18
50 1 20
51 1 2
52 1 17
53 1 26
54 1 26
55 1 18
56 1 10
57 1 41
58 1 13
59 1 26
60 1 34
61 1 20
62 1 30
63 1 9
64 1 35
65 1 25
66 1 24
67 1 35
68 1 47
69 1 14
70 1 45
71 1 21
72 1 41
73 1 61
74 1 24
75 1 12
76 1 13
77 1 53
78 1 70
79 1 3
80 1 67
81 1 42
82 1 48
83 1 49
84 1 78
85 1 38
86 1 71
87 1 67
88 1 19
89 1 1
90 1 78
91 1 57
92 1 32
93 1 47
94 1 42
95 1 1
96 1 11
97 1 95
98 1 66
99 1 71
100 1 65
