100
5622 5936 8911 2949 9178 8969 7228 4412 5220 8420 1276 3022 3063 3555 1476 700 8271 1787 6939 2412 2342 6465 6958 3681 5102 7524 1926 5863 404 1057 1564 2098 8433 9347 1965 1421 3039 4744 9250 725 2252 2521 6124 9637 4210 2740 3036 8512 6158 4720 3615 9804 6643 7176 8154 7926 2095 478 7405 6122 3672 9820 6997 2840 6145 3519 7109 2827 577 9802 8395 6827 477 5113 174 1690 4175 5415 6094 8247 8160 5129 1288 4924 3583 3854 5457 6840 4957 3340 1345 5412 2850 2224 9688 7743 2757 1262 9403 8965
99
2 1 1
3 2 1 2
4 3 3 2 1
5 4 3 1 2 4
6 5 4 5 1 3 2
7 6 2 5 4 3 6 1
8 7 3 1 4 2 6 5 7
9 8 7 1 5 4 3 6 8 2
10 9 4 8 9 7 2 3 6 1 5
11 10 6 5 2 1 9 10 4 8 7 3
12 11 7 2 1 9 4 5 6 10 3 8 11
13 12 9 5 2 4 3 10 1 12 11 8 6 7
14 13 3 10 8 9 7 4 12 13 6 2 1 5 11
15 14 5 9 8 7 2 10 12 13 4 11 14 1 6 3
16 15 12 13 14 1 15 4 6 3 9 10 8 2 7 11 5
17 16 10 4 6 7 15 14 16 2 3 5 9 11 13 1 8 12
18 17 1 14 2 8 15 6 5 17 3 11 13 10 7 12 9 4 16
19 18 6 2 4 9 14 5 12 16 8 17 10 7 15 1 3 18 11 13
20 19 10 2 13 15 5 18 1 16 6 9 8 19 7 14 17 4 12 3 11
21 20 6 3 14 12 4 15 2 10 5 19 11 20 17 18 8 13 9 16 1 7
22 21 14 5 21 1 18 12 19 10 17 9 7 20 4 2 15 8 6 11 3 16 13
23 22 12 4 5 21 3 2 22 15 17 14 13 1 19 6 8 11 18 9 7 20 16 10
24 23 10 1 15 9 3 17 6 5 12 21 11 18 19 16 22 8 13 20 4 7 23 2 14
25 24 24 7 17 5 4 19 10 9 21 3 18 20 8 16 13 14 6 15 2 12 11 22 1 23
26 25 12 23 16 8 14 11 13 22 9 2 6 24 7 5 1 21 4 25 17 3 15 19 20 18 10
27 26 7 14 1 11 5 22 9 23 17 2 10 6 24 25 18 21 13 20 8 19 12 26 15 16 4 3
28 27 1 19 23 16 18 7 17 25 15 24 2 22 14 4 3 13 6 21 26 11 10 27 5 12 20 8 9
29 28 12 1 7 14 3 2 6 10 11 20 5 22 16 17 23 25 13 8 28 19 21 24 27 18 9 26 4 15
30 29 13 4 6 18 17 29 21 7 23 2 10 14 24 22 1 25 3 12 15 5 8 16 27 19 20 26 9 28 11
31 30 8 6 21 11 26 19 2 15 20 16 28 24 29 7 4 17 18 12 22 30 14 25 27 10 5 3 9 13 23 1
32 31 21 15 18 2 12 1 14 29 20 24 13 3 16 27 9 23 25 17 26 10 7 8 28 4 11 6 22 5 31 30 19
33 32 12 4 15 6 22 20 31 29 21 7 5 10 17 32 30 8 3 13 28 19 16 24 25 14 27 2 9 11 23 18 26 1
34 33 2 31 6 8 3 4 24 16 23 9 15 32 10 30 26 27 1 29 13 11 21 5 22 25 17 19 28 33 7 20 18 14 12
35 34 16 14 11 6 28 32 17 20 31 22 5 2 4 10 15 18 24 1 26 30 25 13 3 8 9 7 34 19 12 29 21 33 23 27
36 35 32 33 8 13 17 20 25 4 24 26 34 7 3 12 16 31 14 22 18 11 6 35 28 27 10 19 29 15 5 21 2 9 1 23 30
37 36 12 30 16 35 27 13 25 19 15 23 6 4 1 22 29 10 5 20 7 26 8 9 31 34 33 3 14 24 17 36 21 2 32 11 28 18
38 37 15 26 24 32 28 2 11 13 37 12 14 22 33 36 23 18 27 29 25 35 19 1 21 20 7 16 34 10 4 6 17 3 8 31 9 30 5
39 38 18 17 9 14 23 35 11 3 26 21 38 27 37 29 30 5 15 31 19 2 10 4 12 20 36 28 6 22 32 25 13 34 16 8 33 1 24 7
40 39 3 5 6 25 8 9 23 39 2 36 30 7 20 35 12 29 27 32 13 26 21 1 15 37 18 34 10 19 4 31 33 22 14 24 28 17 16 38 11
41 40 38 16 24 40 10 6 8 20 39 15 36 32 25 35 34 4 13 17 31 26 14 11 19 37 3 21 9 23 12 22 5 27 30 7 28 18 33 1 2 29
42 41 9 40 33 24 14 13 25 20 2 8 21 23 37 29 5 32 7 4 38 16 36 35 3 39 19 18 10 6 30 17 41 1 31 15 28 27 12 11 34 26 22
43 42 27 4 39 19 33 37 17 16 28 20 1 2 10 14 40 12 31 3 32 9 30 35 13 25 22 11 36 23 21 18 7 15 42 26 6 34 41 24 29 5 38 8
44 43 39 16 23 35 26 43 22 37 30 17 34 25 32 1 10 15 31 27 29 14 7 33 2 9 38 18 41 19 3 6 13 8 42 12 36 4 11 21 40 5 28 24 20
45 44 1 7 35 3 34 18 41 25 16 28 32 11 15 4 29 31 20 21 30 22 9 12 33 14 8 17 2 39 43 40 19 13 37 10 44 27 6 24 38 23 5 26 42 36
46 45 9 39 22 10 33 19 28 27 37 23 2 44 6 31 26 11 16 1 41 17 36 20 8 18 21 35 12 14 38 40 4 34 3 29 15 7 5 43 13 24 45 32 42 25 30
47 46 13 17 6 8 23 41 27 45 29 9 36 43 15 4 18 1 11 22 24 42 44 3 32 34 35 38 21 30 20 14 28 37 16 19 39 25 12 2 5 33 7 31 26 10 40 46
48 47 18 15 20 30 33 25 22 21 3 28 10 24 8 14 12 41 42 5 26 34 23 37 1 11 16 4 32 29 6 35 9 43 17 19 31 27 38 46 7 2 44 13 47 39 45 36 40
49 48 48 3 32 28 47 33 26 22 19 9 15 10 46 5 7 36 1 23 16 8 31 30 45 12 25 20 40 44 2 13 6 37 43 38 24 4 11 41 18 17 34 29 35 39 27 42 21 14
50 49 3 13 21 28 39 44 33 6 40 16 11 49 18 8 47 4 25 15 42 27 7 37 26 36 32 29 48 41 9 24 14 17 23 10 20 45 19 43 31 34 1 38 5 30 2 35 12 46 22
51 50 43 30 31 38 22 45 37 24 33 46 6 50 8 10 28 21 4 16 12 26 35 40 3 44 2 17 13 39 11 9 25 41 15 20 5 42 47 36 29 19 7 23 18 34 1 32 27 48 49 14
52 51 15 7 10 3 49 5 31 14 40 29 43 23 35 30 50 22 38 27 34 12 18 37 8 48 26 13 1 42 16 21 47 24 41 46 4 28 39 33 32 9 51 36 44 2 19 11 6 17 45 20 25
53 52 49 50 36 5 48 42 28 51 47 43 24 35 22 19 10 7 32 13 26 38 20 11 17 2 31 9 21 44 52 14 40 4 12 16 8 34 25 29 1 41 39 46 18 45 3 30 15 23 33 37 6 27
54 53 33 15 24 50 28 43 12 2 49 14 47 31 23 52 10 17 45 13 20 42 5 26 25 40 39 4 3 51 7 35 41 19 30 27 18 22 11 9 48 8 44 36 38 46 16 53 6 21 37 29 1 32 34
55 54 42 39 16 51 3 36 27 1 20 29 52 38 48 11 2 43 13 40 5 24 25 30 14 47 28 37 18 15 12 49 9 26 34 10 31 21 23 53 54 4 35 17 6 46 8 45 44 32 50 19 41 22 7 33
56 55 55 24 17 39 50 2 12 45 48 9 6 1 29 49 5 13 34 8 22 30 31 41 42 51 15 23 44 53 21 27 10 40 43 3 37 38 25 4 16 14 47 28 33 32 35 11 18 7 20 26 54 46 36 52 19
57 56 43 37 24 21 14 52 51 4 8 54 31 30 42 16 34 33 1 22 50 6 13 17 12 46 35 9 36 3 2 25 28 18 39 11 20 41 29 32 55 10 15 47 45 56 27 5 48 23 40 38 19 26 7 49 53 44
58 57 15 12 13 3 48 35 30 40 27 22 24 53 39 41 11 50 28 37 45 42 36 4 19 16 32 8 6 34 21 54 47 52 26 2 43 10 55 7 25 49 9 18 1 17 56 46 20 57 14 23 31 29 44 33 5 38 51
59 58 18 11 48 15 32 56 23 41 9 1 39 47 8 51 2 13 5 57 53 19 55 21 27 6 35 10 43 37 44 38 7 30 16 50 25 49 52 3 54 40 33 12 45 26 29 34 58 24 31 46 4 20 14 17 28 42 22 36
60 59 53 8 27 14 36 25 29 50 52 46 9 35 40 41 39 57 54 1 42 18 48 7 2 43 44 30 59 32 49 12 16 56 45 28 4 24 21 23 51 13 5 17 15 20 58 19 10 38 31 34 37 6 47 33 11 26 22 55 3
61 60 27 23 30 34 29 3 17 58 10 47 35 2 14 38 9 8 33 18 37 28 16 19 22 52 4 46 59 53 45 36 40 7 32 55 48 31 11 49 6 51 50 20 41 13 60 56 5 42 54 25 15 44 43 57 12 1 39 21 26 24
62 61 29 45 22 57 15 11 18 26 41 14 1 33 21 40 19 25 23 8 51 54 16 30 7 53 39 17 2 46 52 58 43 20 36 31 44 24 10 34 50 28 42 3 47 59 60 4 35 6 55 38 61 5 49 9 56 32 13 37 48 27 12
63 62 15 18 32 26 11 36 54 59 20 35 8 57 45 13 10 9 40 46 31 30 61 24 39 27 1 19 7 51 29 38 52 23 22 25 6 50 48 12 3 28 44 53 47 37 34 49 60 2 21 43 4 41 17 16 14 62 42 55 58 56 5 33
64 63 1 3 62 42 26 35 44 18 25 29 4 50 31 46 2 52 37 55 34 56 10 48 40 58 51 22 13 6 9 28 27 14 32 49 19 8 41 5 21 11 16 24 47 36 63 61 23 33 12 38 39 7 54 17 57 60 53 59 15 20 45 43 30
65 64 5 60 49 40 62 24 29 48 37 19 57 22 55 27 2 35 43 64 63 17 54 11 41 10 39 14 61 16 34 47 28 56 58 50 15 3 1 53 38 25 4 9 59 13 33 26 45 20 44 42 21 36 7 6 46 12 31 52 18 51 30 23 32 8
66 65 54 45 44 49 30 52 27 57 60 33 29 31 59 50 65 9 24 25 3 37 51 47 62 13 43 48 8 5 14 19 1 11 55 41 61 12 23 28 18 56 4 10 42 16 7 2 21 53 58 17 64 35 40 32 63 38 6 22 36 46 15 39 34 20 26
67 66 41 8 32 56 45 60 50 39 15 35 58 55 1 48 61 24 52 63 59 7 10 53 54 38 30 31 5 19 13 6 23 21 57 18 33 29 3 17 16 4 12 64 47 9 20 44 11 51 43 34 14 28 27 26 40 42 37 36 66 25 49 46 2 65 62 22
68 67 49 4 13 52 3 41 26 38 18 21 58 20 36 57 34 39 25 24 66 64 56 14 63 17 28 10 65 5 67 45 61 53 12 1 35 48 9 60 40 16 59 55 6 62 50 51 27 15 54 19 11 22 37 7 44 29 23 30 8 32 43 31 33 46 42 47 2
69 68 24 59 32 22 42 49 51 62 43 46 21 44 25 13 33 54 47 53 11 58 63 27 64 50 23 65 36 6 9 60 68 18 19 5 52 10 41 28 48 17 56 30 8 31 26 55 4 67 40 61 34 29 12 35 45 20 7 15 66 2 57 1 39 37 38 3 14 16
70 69 50 8 69 53 14 3 32 47 48 31 22 67 66 61 36 57 26 38 35 62 63 21 33 42 10 24 44 19 28 1 16 5 49 51 52 25 23 59 34 29 12 55 54 17 18 9 41 43 6 7 20 45 39 11 27 15 56 64 60 58 46 30 40 68 4 65 2 37 13
71 70 17 3 64 32 66 56 65 53 1 9 27 42 4 29 62 45 21 50 68 47 35 7 43 44 24 41 39 23 10 46 57 19 38 58 22 33 26 54 18 51 15 30 11 16 40 59 31 67 28 36 48 5 2 69 37 49 63 13 6 14 61 20 70 34 25 8 55 12 60 52
72 71 12 60 69 39 59 41 24 66 44 2 71 38 3 57 62 5 53 8 55 45 52 46 9 28 51 34 13 7 68 16 22 27 26 4 10 48 42 35 37 23 6 33 64 70 19 36 32 14 20 1 21 18 54 11 17 50 65 40 56 31 58 49 25 29 63 67 47 15 61 43 30
73 72 70 62 51 6 23 63 7 29 22 30 52 11 54 3 61 43 45 67 55 71 14 31 16 8 5 50 10 26 20 27 32 49 66 72 17 1 39 2 47 59 19 33 56 44 68 58 36 21 53 35 42 60 12 9 24 18 38 28 25 64 69 57 34 4 41 65 48 13 15 40 37 46
74 73 52 68 36 53 47 19 41 32 31 24 1 4 72 23 69 56 48 8 9 39 13 22 12 30 73 11 63 45 50 51 25 65 2 58 59 64 16 18 33 28 71 5 57 29 7 37 20 61 34 15 35 66 27 42 43 40 17 55 49 46 70 3 6 44 14 38 54 10 21 26 67 62 60
75 74 57 1 4 8 26 28 44 61 39 67 38 29 74 10 15 24 72 16 40 48 69 23 14 37 60 6 18 59 64 55 30 33 71 53 63 21 70 19 62 54 2 51 3 65 13 25 34 52 11 7 43 41 27 46 9 22 68 45 12 42 35 49 73 32 20 31 56 50 5 36 66 47 17 58
76 75 3 58 16 59 38 33 36 25 70 30 56 26 23 28 5 12 10 71 43 67 50 48 69 9 32 46 22 44 6 60 55 72 65 17 8 1 73 57 63 20 11 31 42 74 7 39 13 54 2 40 14 64 34 47 41 53 51 37 61 75 62 29 19 4 66 49 18 27 21 24 68 52 35 45 15
77 76 31 59 27 5 72 12 70 35 48 54 60 67 1 61 8 63 38 14 53 32 56 55 46 49 23 26 25 41 2 34 40 6 65 68 69 7 75 37 45 66 64 33 76 30 18 16 44 52 47 28 50 22 4 43 39 42 29 10 73 51 58 36 11 3 19 71 15 9 74 13 24 20 62 17 57 21
78 77 47 77 71 38 53 48 42 72 1 60 43 57 51 30 2 69 9 34 31 50 3 20 62 66 21 25 11 27 37 65 59 13 26 23 58 74 33 73 14 15 28 18 36 45 24 56 76 40 54 67 55 52 70 22 5 35 17 16 4 44 41 8 63 19 12 7 39 64 10 68 29 6 32 49 75 46 61
79 78 14 64 44 36 46 1 72 73 40 47 49 11 31 16 35 41 56 51 32 57 71 26 62 66 17 33 4 23 29 43 34 25 59 28 22 70 9 69 3 78 54 6 48 75 68 45 67 7 65 21 19 5 76 30 52 18 8 63 13 20 77 50 12 55 58 37 27 24 2 39 74 15 38 42 60 61 10 53
80 79 42 53 54 60 31 26 2 35 74 15 25 5 61 77 67 75 30 11 50 63 20 38 40 57 68 45 71 73 66 34 59 43 13 46 7 39 24 28 29 52 44 3 51 1 17 32 10 37 23 79 8 62 70 58 41 48 76 72 22 19 9 49 36 4 14 78 65 33 55 16 47 12 56 21 64 18 69 6 27
81 80 28 58 30 25 3 70 8 80 69 35 74 47 16 64 32 19 31 60 22 27 40 63 46 48 34 78 17 50 68 45 51 41 75 10 5 13 15 24 65 53 55 66 76 7 71 18 38 9 26 44 23 4 20 12 73 42 11 2 6 33 37 36 61 52 67 54 21 57 72 39 14 62 43 49 56 59 29 77 79 1
82 81 80 33 54 50 75 4 66 18 63 6 43 35 65 51 79 30 12 34 41 71 39 1 36 11 73 28 67 20 74 23 8 72 47 14 37 52 9 15 22 3 60 21 56 45 77 49 26 64 55 27 76 17 40 46 44 48 10 57 29 24 13 25 38 5 42 2 61 58 69 53 32 78 68 62 7 81 59 70 31 19 16
83 82 30 65 50 43 12 61 78 82 19 45 3 58 47 52 57 31 53 26 1 59 34 69 6 63 56 39 77 64 62 7 10 22 48 44 41 8 38 76 51 68 16 79 15 13 54 80 46 67 2 18 27 74 5 75 55 33 14 60 24 37 25 81 73 20 4 71 9 11 17 49 21 29 70 66 35 23 28 36 72 32 40 42
84 83 25 47 42 55 14 49 27 44 35 17 40 15 2 9 29 5 46 45 8 69 76 70 13 66 54 24 43 58 61 39 34 16 37 79 21 78 36 26 80 41 63 83 12 81 62 72 77 22 11 6 4 3 65 38 56 57 7 75 23 18 48 31 82 52 19 73 68 30 50 67 33 51 1 32 71 74 64 53 10 59 28 20 60
85 84 69 83 22 68 60 78 39 63 31 77 15 10 47 59 11 45 65 12 50 41 52 19 54 44 74 56 70 29 3 84 46 57 18 61 76 38 73 80 21 5 72 1 64 71 25 43 8 9 16 81 37 30 51 67 55 13 58 4 17 14 28 33 42 34 66 48 32 35 53 6 82 40 2 79 75 24 49 20 23 26 36 27 7 62
86 85 56 43 67 33 22 66 21 81 37 75 57 84 53 69 41 63 44 51 52 61 50 26 83 58 39 55 34 35 8 54 72 79 73 9 74 25 4 32 7 19 47 85 20 28 48 65 59 76 31 64 38 40 1 24 16 80 46 17 6 77 71 30 68 2 70 82 45 13 10 14 12 60 29 49 5 11 78 42 36 15 18 62 3 23 27
87 86 79 27 60 42 77 50 2 82 66 46 53 10 44 72 6 37 59 18 24 29 34 80 78 55 13 4 26 14 85 5 76 9 25 84 36 57 19 39 16 43 73 69 15 7 32 31 56 17 11 33 63 21 58 48 40 64 61 20 68 12 3 65 35 70 49 8 1 22 67 86 30 75 83 38 28 51 41 52 74 54 62 47 71 45 23 81
88 87 8 61 66 41 20 63 82 16 4 51 13 68 10 73 31 64 46 12 40 48 86 59 47 52 65 70 45 25 80 72 85 87 42 60 6 5 54 1 7 39 9 24 67 36 38 53 3 44 76 15 57 21 27 33 69 78 30 17 62 37 19 22 55 26 11 74 32 35 71 84 2 28 81 29 14 49 43 77 58 23 75 83 50 56 34 18 79
89 88 6 2 73 74 75 76 43 1 77 83 72 33 39 12 88 66 36 11 78 80 53 69 32 41 18 48 85 49 14 3 63 29 61 4 13 46 56 20 42 59 51 7 23 60 8 87 55 68 57 84 47 31 70 67 24 22 40 26 81 5 10 35 37 58 86 21 62 28 15 16 30 54 44 65 19 45 25 71 79 52 38 17 9 82 50 34 27 64
90 89 20 74 75 63 77 44 67 23 26 7 4 39 57 25 35 47 55 42 10 86 87 72 79 49 18 56 34 71 21 33 38 61 65 29 81 41 3 22 60 50 17 5 43 82 2 66 6 70 76 16 8 46 45 9 89 40 31 53 14 83 11 37 54 68 52 28 64 27 1 51 69 48 59 78 62 80 32 19 15 58 36 13 88 12 30 85 84 73 24
91 90 27 72 55 67 80 25 17 3 15 63 21 48 50 24 44 1 90 30 68 41 43 76 64 20 40 7 82 6 10 31 18 85 34 56 8 2 79 59 33 22 14 39 52 70 87 11 58 61 4 13 53 86 73 26 54 9 38 84 62 32 49 83 47 65 5 69 36 37 23 16 89 46 60 71 66 12 51 75 88 78 74 77 45 42 57 81 28 19 35 29
92 91 54 78 10 31 80 72 71 84 41 66 89 1 42 47 19 26 25 44 50 34 60 38 68 23 55 75 77 22 83 40 86 16 37 2 15 12 4 36 30 91 17 14 7 53 57 74 90 70 20 59 76 48 61 85 79 18 28 73 24 9 5 62 64 21 29 51 81 52 11 35 45 27 82 13 46 56 33 63 43 3 65 6 58 8 49 32 69 67 88 39 87
93 92 3 46 6 84 1 44 35 75 68 28 7 83 37 87 55 88 9 78 15 41 36 43 30 20 85 58 33 76 79 71 22 80 51 19 72 90 66 12 49 24 57 74 52 18 40 61 25 62 10 81 11 63 45 21 48 47 14 50 64 54 65 86 4 82 27 56 53 39 67 26 34 32 29 38 60 2 17 92 5 91 8 31 73 23 13 16 69 42 70 77 59 89
94 93 82 5 78 65 66 22 56 4 34 79 47 35 86 45 33 49 36 39 85 55 51 19 44 48 8 9 53 42 14 68 70 62 84 77 93 80 29 88 64 16 17 59 20 83 41 15 26 25 38 60 30 18 73 54 76 2 1 43 61 12 58 87 74 11 24 75 27 6 52 67 91 90 28 13 32 3 21 69 71 92 57 89 10 7 37 31 23 46 63 50 40 81 72
95 94 73 40 30 76 33 56 70 21 12 57 77 89 63 59 19 5 36 41 1 54 2 48 16 43 44 22 15 26 71 3 82 17 72 79 86 75 85 61 46 64 28 39 23 78 94 74 93 42 55 31 83 29 18 53 84 38 4 20 92 9 58 34 35 24 66 14 52 91 65 68 69 87 80 67 60 32 49 81 37 62 8 13 7 90 27 50 10 88 45 25 6 11 47 51
96 95 85 9 53 90 47 82 5 46 27 41 18 95 66 36 19 50 61 2 76 6 32 31 88 44 33 35 13 52 12 91 75 89 71 20 26 49 37 58 8 30 4 23 67 93 56 43 72 92 63 11 51 14 48 79 10 16 24 7 60 40 42 62 83 70 80 68 73 54 64 21 17 86 74 39 3 69 59 94 22 84 55 38 78 81 87 77 25 65 29 1 57 28 34 15 45
97 96 31 62 41 33 12 83 65 67 5 90 45 66 91 34 58 60 21 9 96 87 4 36 74 42 47 46 68 86 54 73 93 30 57 11 39 61 6 52 43 26 95 20 89 76 71 27 25 19 81 37 84 1 24 8 23 48 29 56 79 63 85 77 53 88 2 94 38 70 51 18 49 55 28 14 22 32 10 59 13 40 82 3 44 35 16 75 17 15 50 7 69 72 92 78 80 64
98 97 85 67 6 32 21 20 63 84 1 65 73 60 17 5 75 42 91 93 69 83 50 14 78 31 18 96 15 58 87 3 45 82 86 28 92 9 46 68 54 30 53 70 37 24 11 29 33 56 57 95 88 26 49 81 59 94 72 35 52 62 34 89 64 41 38 43 22 23 12 36 77 71 74 61 76 51 55 97 80 2 19 16 66 47 40 4 48 7 79 44 27 90 39 13 8 10 25
99 98 49 36 70 7 76 41 75 92 52 2 20 80 82 31 16 26 51 66 1 12 68 21 43 97 18 4 40 27 14 53 35 28 30 71 65 44 72 69 37 15 85 3 93 90 33 17 61 42 83 88 95 48 45 34 77 23 8 38 46 25 11 94 54 67 86 39 79 62 50 10 24 87 19 6 78 73 32 5 63 64 55 84 13 57 91 81 74 59 56 89 96 60 47 58 98 9 22 29
100 99 94 85 80 25 18 50 1 24 14 74 68 26 35 28 95 73 76 46 90 30 88 13 45 17 58 63 79 91 61 10 93 6 78 82 36 86 51 81 96 41 42 71 39 4 15 8 52 9 31 21 87 23 2 3 98 7 57 48 54 66 37 99 34 55 38 62 32 22 83 53 84 49 59 40 29 33 77 27 64 67 69 47 20 65 16 5 11 43 12 75 97 70 56 60 89 92 44 19 72
