100
4140 6463 3115 4962 5290 4610 8022 3215 6668 82 4346 118 8915 6819 4538 9229 4253 1290 458 667 3972 8733 9682 7320 5060 4979 7925 2751 1303 7407 1355 998 3972 2090 9588 151 7057 602 9758 9387 2213 4580 4269 7691 2298 5812 4605 3623 6215 4700 381 5389 5835 9553 2568 1604 2073 4361 4577 8141 8683 6308 3018 7746 4787 369 8066 3664 6000 6692 8438 4863 6849 1393 5043 343 509 1952 4922 9834 5404 6426 187 7778 1345 9840 9292 9642 3739 8209 4454 2199 6492 3634 4145 1700 3208 3451 103 8658
88
3 1 2
4 1 1
5 1 3
6 1 4
7 1 1
8 1 4
9 1 5
10 1 5
11 1 4
12 2 6 11
13 1 12
14 1 13
15 1 13
16 3 11 12 3
18 1 11
19 3 15 8 13
20 3 7 14 6
22 1 4
23 1 1
24 4 7 21 3 2
25 3 4 12 18
26 3 1 6 2
27 1 11
28 3 16 7 8
29 4 27 13 23 9
30 3 20 21 18
32 1 15
33 3 31 14 23
35 2 11 34
36 3 14 20 19
37 1 6
38 3 37 7 5
41 5 8 23 28 25 2
42 4 31 30 39 11
43 5 39 1 27 25 24
44 4 1 17 34 19
45 3 39 26 7
46 6 15 11 39 33 14 32
47 7 7 19 24 30 29 38 39
48 2 19 15
49 3 45 47 12
50 2 16 3
51 3 20 45 3
52 5 2 39 8 4 22
53 10 35 16 34 12 52 20 26 24 45 36
55 7 37 25 41 7 32 34 45
56 4 43 42 18 44
57 6 38 34 7 44 55 23
58 3 3 34 24
59 4 10 54 46 22
60 5 43 21 9 6 18
61 6 11 25 23 55 53 41
62 4 18 26 14 33
63 7 35 59 43 6 48 33 15
64 6 47 8 40 21 12 20
65 7 20 63 13 38 30 14 16
66 6 36 24 25 63 6 28
67 4 51 63 47 66
68 8 67 46 66 17 15 30 50 19
69 11 18 17 21 25 51 60 36 56 44 53 24
70 10 50 59 13 43 55 2 54 7 16 30
71 7 8 69 27 18 19 28 15
72 6 59 58 10 20 33 48
73 8 69 70 52 5 35 53 49 40
74 7 21 72 46 15 22 61 39
76 8 21 36 17 59 42 15 71 55
77 5 32 68 60 75 52
78 9 54 56 74 52 1 39 44 53 73
79 9 36 38 60 69 22 7 49 23 41
80 4 43 73 41 22
81 4 2 55 20 72
82 14 50 49 30 22 68 81 18 34 43 59 44 46 6 58
83 14 69 19 70 17 37 1 45 24 48 27 9 31 30 43
84 9 66 58 78 68 48 36 4 16 49
86 4 1 59 8 18
88 8 83 64 41 87 60 26 74 61
89 6 57 72 79 71 78 66
90 7 78 50 48 64 54 5 67
91 7 47 44 38 84 76 73 34
92 16 49 52 44 48 74 24 14 15 46 16 31 55 79 57 84 11
93 9 8 33 15 44 73 5 92 62 61
94 10 59 26 92 22 90 21 41 24 79 5
95 8 51 30 19 77 22 7 47 73
96 11 66 28 77 38 49 35 1 91 18 6 89
97 2 3 50
98 8 43 42 26 9 92 59 58 3
99 15 28 45 29 53 58 94 36 83 19 80 8 32 84 48 12
100 9 20 2 77 42 72 49 64 32 78
