100
6522 6826 4656 9538 9474 6539 6600 8530 4702 1293 6987 105 4144 1513 1611 3136 5547 6302 9946 572 7395 1128 526 7346 1908 8739 7912 4445 5982 7196 4770 8383 1817 7759 9840 2679 2911 9965 2677 4106 1811 7093 2115 6428 5836 6319 9298 7025 9062 6083 8914 5736 1750 2429 4270 4521 574 1083 6749 946 5354 9638 3777 8847 9932 350 5200 7487 3299 5690 3397 9657 5582 3218 3004 8097 1165 8825 3447 2611 7629 6297 217 6024 8564 8103 8160 8562 7621 3119 440 1690 4555 7775 4355 5005 5093 4947 7045 1526
95
16 1 14
22 2 1 16
21 2 13 9
20 1 11
70 6 63 46 40 20 67 61
49 3 34 30 42
85 5 69 48 67 65 10
87 6 8 63 73 52 56 19
93 9 15 40 64 13 74 26 88 9 70
79 6 60 48 3 32 43 68
27 2 17 13
38 2 8 33
2 1 1
3 1 2
10 2 1 7
13 1 12
24 4 17 20 13 22
4 1 1
66 4 17 24 28 21
56 7 4 21 28 54 13 35 3
8 2 2 7
39 5 15 21 32 38 23
52 3 30 22 26
47 3 10 1 43
25 5 16 13 12 24 6
12 1 2
67 12 47 51 38 11 62 19 16 40 27 8 54 12
92 14 69 79 15 84 10 83 30 27 11 65 34 4 12 20
34 3 32 2 33
32 4 28 5 22 29
68 10 7 59 39 17 58 63 5 57 21 62
60 6 23 11 5 9 21 51
31 3 20 11 5
6 1 1
86 12 24 2 26 50 31 23 61 46 32 21 81 58
43 4 18 28 9 20
72 7 15 12 1 8 35 70 25
42 3 41 23 27
14 2 3 13
17 1 15
69 7 15 19 42 43 7 59 48
57 9 46 29 15 42 9 13 8 14 4
45 1 29
7 1 4
74 7 1 20 3 27 48 24 70
98 7 84 92 14 49 13 80 38
83 3 16 24 7
5 1 1
50 3 16 26 9
54 7 42 25 14 5 20 43 33
53 5 36 24 7 10 29
40 7 12 29 11 9 20 18 38
99 8 93 6 21 80 56 51 2 97
9 1 3
48 1 41
73 3 1 15 44
61 6 46 4 17 29 32 31
15 2 5 3
59 2 41 54
80 7 67 41 54 55 12 35 40
90 7 80 59 25 20 49 81 4
77 4 48 14 27 52
36 1 25
82 8 20 58 76 46 70 22 40 8
97 5 56 74 36 61 60
18 1 4
28 3 13 5 7
55 6 44 23 3 25 17 40
76 9 39 24 16 2 49 5 20 47 58
35 5 19 16 29 8 26
75 5 43 11 3 67 23
81 13 45 2 38 51 25 8 58 39 67 50 55 7 70
96 13 69 20 81 50 67 48 84 6 21 17 82 19 41
91 6 3 59 85 11 30 5
64 3 17 54 30
29 1 17
63 8 3 24 22 58 60 53 27 44
58 6 4 21 38 40 56 26
84 11 62 2 68 64 33 21 81 18 60 7 14
89 10 66 8 6 30 55 38 54 87 24 11
19 3 16 10 17
33 4 6 30 2 9
51 6 20 23 28 31 2 14
41 10 6 25 22 7 5 34 31 28 13 19
65 2 2 23
88 7 24 46 87 20 10 84 27
95 10 52 65 82 50 46 64 78 25 88 47
62 3 22 1 3
71 6 43 59 19 24 56 68
11 1 10
46 3 10 24 41
100 6 86 59 21 90 57 44
37 3 35 8 30
94 6 52 49 64 45 91 87
23 1 15
