100
2784 7847 4899 1435 4830 4327 2090 1758 3152 6831 8557 9315 6673 7474 3686 2773 29 2902 8186 6628 1788 6810 8035 1168 6058 4193 5622 4340 343 7547 6603 7228 4582 9201 5645 4700 2985 3585 5844 7446 7935 5979 1133 7717 1043 4323 4890 4070 5424 9088 9890 2655 7477 5785 6147 4938 3490 4999 6317 6190 5715 3838 7585 4555 4919 8981 2743 5758 6615 2759 2998 5100 1638 880 3473 9592 2332 6155 3009 5409 155 1504 3564 5823 945 4520 7442 2959 3691 640 527 140 5530 9370 1317 1251 1763 2385 3622 4854
81
32 1 10
55 3 40 51 20
21 1 5
84 5 59 61 41 43 27
59 3 16 54 38
81 6 72 23 22 79 34 36
20 2 3 19
89 4 84 66 75 49
50 1 36
100 2 60 57
2 1 1
43 2 20 24
28 2 6 13
91 6 90 68 70 30 27 23
98 6 13 2 91 79 40 23
61 6 32 60 45 8 4 5
51 1 21
26 1 1
27 1 23
16 2 3 15
77 1 24
66 4 60 3 33 25
24 1 22
13 3 9 4 1
11 1 8
18 1 1
30 3 5 11 3
34 3 32 26 28
17 1 14
47 2 5 16
36 1 5
93 4 4 14 22 30
23 2 16 2
65 3 23 49 32
22 1 2
54 1 34
19 1 9
64 1 26
45 2 35 34
31 3 16 26 19
99 3 20 3 96
53 2 34 3
96 5 8 94 38 32 33
6 1 2
46 6 9 19 8 4 35 27
58 1 3
7 1 4
83 4 58 48 11 75
60 1 6
35 1 8
9 1 6
33 1 11
90 5 15 86 20 46 55
40 3 6 26 5
44 1 31
63 4 40 56 52 2
74 4 30 69 42 29
68 6 58 57 14 29 6 53
72 1 66
37 3 15 25 34
49 1 37
10 1 7
79 3 23 70 71
25 2 10 4
97 5 91 13 54 87 2
78 4 37 35 16 40
76 3 12 51 50
80 3 59 31 24
67 1 37
29 1 10
94 10 62 90 55 80 89 42 54 56 52 45
14 2 3 7
73 2 26 8
62 6 37 34 11 47 57 4
15 1 6
38 1 2
75 2 65 55
69 6 23 8 53 18 34 1
82 5 43 56 34 53 74
41 3 37 27 2
87 5 71 37 17 23 51
