100
4031 571 493 5302 5957 6786 6035 8418 8490 3202 9158 186 5216 8151 4197 1140 9158 7512 4670 2496 6538 5242 9674 8453 1208 1530 7645 7459 2062 7202 9481 2497 9336 3811 8125 7403 6757 6715 9357 127 1244 7254 411 7187 5621 4070 2346 8555 5871 1372 6394 8482 4118 8562 9407 6325 5658 7163 1318 1324 8081 3031 5590 8294 2971 90 9561 7228 9993 3649 7391 5950 9764 1414 5583 6052 4375 5070 8904 2277 2566 6650 9959 6065 3842 2928 6733 5767 8267 9720 7706 5615 1466 3101 478 7944 2759 7812 2856 4286
70
93 26 27 64 2 40 15 19 74 90 36 1 75 52 92 34 28 5 35 13 33 81 55 31 58 88 41 66
21 5 13 11 19 14 9
39 8 23 12 30 19 24 20 22 36
32 10 14 29 17 5 2 26 23 19 16 12
69 16 33 10 52 4 45 44 53 6 54 66 63 19 36 55 13 2
2 1 1
61 21 10 52 53 16 34 8 18 47 48 58 50 28 9 7 31 14 12 2 30 29 17
88 21 19 2 82 59 1 61 62 27 14 57 6 87 16 30 47 49 32 60 11 76 44
54 18 9 16 18 29 27 48 43 33 4 34 35 11 36 47 6 50 5 39
98 29 65 67 35 55 78 32 93 9 80 43 4 70 7 23 11 47 41 53 30 86 97 38 15 5 63 60 56 88 77
28 10 17 4 15 8 1 7 6 26 2 22
94 15 38 11 1 27 82 92 71 77 14 86 90 30 28 52 61
100 29 80 15 91 8 6 45 60 52 31 66 81 70 95 28 84 2 55 64 37 99 10 1 5 63 46 19 75 30 42
45 18 24 5 18 14 10 15 27 8 26 31 30 6 44 29 11 13 3 41
43 14 37 21 15 14 9 33 34 8 28 38 1 12 4 20
41 8 29 12 37 22 8 18 9 30
63 18 39 11 1 4 41 14 19 50 59 46 42 12 26 44 7 40 22 53
60 25 11 27 21 20 13 39 44 47 8 40 29 25 23 41 17 56 33 49 1 34 7 22 55 32 6
8 2 2 4
62 19 13 35 6 4 40 47 7 38 24 18 50 15 36 57 3 8 54 21 58
16 6 2 10 11 6 7 4
81 22 69 71 20 62 53 26 12 27 14 2 4 37 28 57 16 65 39 79 35 77 58 75
50 18 10 49 16 4 31 38 37 33 18 14 28 19 45 23 27 39 42 48
33 9 27 2 30 23 11 24 25 3 4
48 13 34 26 17 40 9 39 1 16 25 42 33 21 45
36 8 22 10 20 29 35 14 1 11
87 24 68 81 12 22 44 75 71 62 53 32 34 9 21 16 61 30 56 5 48 85 77 54 39 6
19 7 7 17 16 6 2 11 13
99 30 4 5 39 10 50 24 60 75 82 63 3 71 87 93 9 42 23 13 30 79 61 89 43 81 6 85 49 62 48 59
76 18 42 36 25 23 9 60 26 4 32 13 50 22 62 30 14 40 46 15
53 16 28 22 25 33 38 23 31 44 11 6 30 21 39 10 1 32
57 24 35 11 17 48 55 9 21 36 10 3 32 19 5 54 8 27 1 40 52 47 13 4 41 56
3 2 1 2
55 16 53 39 18 6 37 3 17 54 33 38 9 19 34 15 13 49
18 1 13
13 3 11 8 4
47 15 10 45 23 24 17 38 29 34 21 19 26 2 7 13 25
51 17 37 16 49 35 46 14 39 4 40 24 13 27 36 45 8 42 15
35 8 15 26 14 22 31 19 25 5
27 9 1 18 26 13 7 25 12 2 10
4 1 3
65 23 63 30 32 6 18 3 28 11 14 50 33 7 38 42 21 60 2 62 22 55 45 56 8
38 14 28 6 32 9 26 33 4 35 18 14 11 15 31 8
74 20 33 63 13 57 34 61 10 1 58 44 37 56 67 32 8 53 48 47 3 11
96 39 69 58 55 27 78 62 77 23 81 76 6 37 90 45 80 56 70 9 2 73 87 94 68 83 17 11 3 86 89 25 24 8 5 19 91 26 1 72 7
83 29 55 29 49 70 75 48 71 33 81 39 66 58 40 31 52 20 6 34 62 1 45 37 59 19 14 73 35 68 16
14 4 5 13 8 3
89 27 22 66 2 72 67 33 61 12 26 63 74 16 57 11 20 44 86 45 75 13 46 70 38 40 47 68 21
56 10 47 22 32 21 36 28 12 23 26 25
30 12 20 16 3 21 12 28 7 17 13 23 19 14
20 4 17 13 16 15
44 16 19 42 9 15 24 25 21 39 7 27 3 34 11 13 28 31
73 25 4 7 31 13 6 71 39 52 28 27 40 61 8 3 65 9 43 72 10 36 11 12 22 67 38
82 37 14 59 79 74 31 47 58 50 37 12 20 71 80 28 81 18 65 7 29 72 17 33 39 23 2 22 60 4 45 21 63 78 24 68 8 34 67
31 8 8 30 23 28 25 12 24 17
78 22 58 5 53 29 21 71 73 33 26 52 35 50 14 57 67 49 27 22 63 43 77 19
46 13 39 3 40 42 18 10 2 15 25 34 5 43 14
12 2 9 10
23 9 8 1 13 22 17 10 18 20 14
68 20 39 40 31 48 63 9 55 43 7 10 20 53 3 19 38 58 60 1 23 66
26 9 19 7 20 13 11 17 8 10 23
40 14 38 19 5 2 10 12 6 9 25 17 34 14 20 3
42 13 26 20 9 19 30 7 27 3 29 22 36 14 34
75 17 23 32 59 66 37 57 26 54 31 35 6 12 58 55 41 9 3
97 29 7 50 75 34 45 4 12 32 59 16 78 15 39 87 14 57 54 48 36 74 46 91 26 24 43 94 5 17 53
86 35 82 15 65 18 83 57 37 79 6 77 27 52 58 35 7 81 23 63 33 53 70 43 25 34 76 13 69 62 16 55 44 41 46 54 80
85 32 70 44 53 67 15 49 43 46 16 64 40 11 41 69 37 2 56 32 42 72 27 59 73 26 45 14 83 48 77 74 30 23
49 14 7 1 40 16 18 6 38 31 30 32 12 34 28 29
6 1 5
70 17 22 51 64 48 27 45 32 33 17 39 9 41 63 2 57 52 44
