280 2 4 r
287 2 5 b
295 1 4 b
302 1 5 b
310 0 5 b
317 2 6 b
325 2 7 g
332 3 6 g
340 3 5 r
347 4 6 g
355 3 4 b
362 4 5 r
370 4 4 r
377 5 4 r
385 6 4 b
392 6 3 b
400 7 3 g
407 5 3 r
415 7 4 g
422 7 5 b
430 6 5 r
437 6 6 r
445 7 6 r
452 5 6 r
460 6 7 r
475 5 5 r
490 3 5 b
520 1 5 g
527 1 6 g
535 0 5 r
542 0 4 r
550 0 6 r
557 1 7 g
565 2 6 b
572 3 6 r
580 2 5 r
587 2 4 b
595 2 3 r
602 1 3 r
610 3 3 g
617 3 2 g
625 4 2 b
632 4 1 b
640 5 1 b
647 5 2 r
655 5 0 r
662 6 1 b
670 7 1 r
685 7 2 g
700 6 2 g
760 3 4 r
767 3 3 r
775 3 2 b
782 4 2 g
790 2 2 b
797 4 3 r
805 2 3 r
812 2 4 r
820 2 5 b
827 2 6 r
835 1 6 b
842 0 6 b
850 0 7 b
857 1 7 r
865 1 8 r
872 0 8 r
880 2 8 g
887 2 9 g
895 3 9 r
902 4 9 g
910 5 9 g
925 5 8 r
932 4 8 b
940 4 7 g
955 3 6 r
970 4 6 b
1000 4 5 r
1007 4 4 b
1015 5 4 b
1022 5 3 b
1030 5 5 g
1037 6 5 b
1045 6 3 g
1052 3 8 r
1060 3 9 g
1067 4 9 r
1075 4 8 b
1082 4 7 g
1090 3 7 b
1097 3 6 g
1105 2 6 b
1112 2 7 g
1120 4 6 r
1127 5 8 r
1135 5 7 b
1142 6 8 b
1150 7 8 g
1157 7 9 b
1165 6 9 r
1172 5 9 g
1180 2 9 b
1240 1 9 g
1247 1 8 b
1255 0 8 g
1262 0 7 b
1270 0 6 r
1277 0 5 r
1285 0 4 b
1292 1 5 r
1300 1 6 r
1307 2 5 r
1315 2 6 g
1322 3 6 r
1330 3 5 g
1337 3 4 r
1345 4 4 r
1352 3 3 r
1360 3 2 b
1367 2 2 r
1375 2 1 b
1382 2 0 g
1390 1 0 g
1397 1 1 r
1405 1 2 g
1412 0 2 b
1420 0 1 g
1435 0 3 r
1450 1 4 b
1480 2 3 g
1487 3 1 b
1495 4 1 r
1502 4 2 r
1510 4 3 g
1517 4 4 b
1525 5 4 b
1532 5 3 g
1540 6 3 b
1547 7 3 g
1555 7 2 g
1562 6 2 b
1570 6 1 r
1577 5 1 r
1585 5 0 g
1592 6 0 r
1600 4 0 g
1607 3 2 b
1615 2 1 g
1622 1 1 g
1630 1 0 b
1645 0 0 g
1660 0 1 r
1720 2 2 b
1727 2 3 r
1735 2 4 b
1742 2 5 r
1750 3 5 g
1757 3 6 b
1765 4 6 b
1772 2 6 g
1780 1 4 r
1787 1 3 r
1795 0 3 b
1802 0 4 g
1810 0 2 r
1817 1 2 r
1825 2 1 g
1832 3 2 r
1840 4 2 g
1847 3 3 g
1855 4 3 r
1862 4 4 r
1870 4 5 g
1885 5 4 r
1892 6 4 b
1900 7 4 g
1915 7 2 r
1930 6 3 g
1960 5 5 g
1967 5 6 b
1975 4 6 b
1982 5 7 r
1990 6 7 g
1997 7 7 r
2005 7 6 b
2012 7 8 b
2020 7 9 b
2027 8 9 b
2035 6 9 r
2042 6 8 b
2050 8 8 r
2057 9 8 g
2065 9 9 b
2072 8 6 b
2080 9 6 g
2087 9 5 g
2095 9 4 g
2102 9 3 r
2110 9 2 r
2117 9 1 b
2125 9 0 g
2132 8 0 g
2140 8 2 g
2200 8 3 r
2222 8 5 g
2230 9 5 r
2245 8 6 r
2260 7 7 b
2275 7 8 g
2290 6 7 b
2305 5 7 r
2320 3 7 g
2342 4 5 r
2350 5 5 b
2365 3 5 b
2380 3 6 g
2425 4 2 g
2440 4 4 g
2462 4 3 g
2470 3 3 g
2485 2 4 r
2500 4 5 r
2515 6 5 r
2530 5 4 g
2545 3 4 r
2560 2 5 r
2575 3 5 r
2590 2 3 b
2605 3 2 r
2620 4 4 r
2635 4 6 b
2650 3 6 r
2665 1 5 g
2680 2 4 b
2702 2 5 g
2710 1 4 b
2725 2 2 b
2740 1 2 r
2755 2 3 b
2770 3 3 b
2785 4 2 b
2800 1 3 g
2822 0 4 g
2830 1 5 r
2845 2 4 g
2860 1 4 r
2890 1 2 r
2935 3 4 g
2965 0 3 g
2980 1 5 b
2995 0 6 g
3010 1 6 g
3025 0 5 r
3040 0 7 g
3085 4 6 r
3085 5 6 b
3085 6 6 g
3100 8 6 r
3100 9 6 g
3100 9 7 b
3160 8 3 b
3167 8 4 g
3175 8 2 r
3182 8 1 r
3190 9 1 g
3197 9 2 g
3205 7 1 g
3212 8 0 b
3220 9 3 g
3220 7 2 b
3223 7 0 r
3227 6 0 g
3227 5 0 r
3231 4 0 b
3235 3 0 r
3235 2 0 b
3238 3 1 g
3242 3 2 g
3242 4 2 r
3246 5 2 r
3250 5 1 r
3250 5 3 g
3250 5 4 g
3253 4 4 r
3253 3 4 r
3257 4 5 r
3257 5 5 b
3257 3 5 r
3261 3 6 r
3261 2 6 b
3265 2 5 b
3265 1 5 r
3265 1 6 g
3268 1 7 g
3268 0 7 b
3272 0 8 r
3272 2 7 r
3272 0 6 g
3276 1 8 b
3276 2 8 g
3280 2 9 b
3280 3 9 r
3280 4 9 g
3283 5 9 r
3283 3 8 r
3287 4 8 b
3287 1 9 b
3287 3 7 r
3291 1 4 b
3291 1 3 r
3295 0 3 b
3295 0 2 r
3295 0 1 g
3298 0 0 g
3298 1 1 b
3302 2 1 b
3302 4 3 b
3302 4 1 g
3306 6 3 g
3306 7 3 r
3310 8 3 g
3317 8 2 g
3325 9 0 b
3332 9 1 g
3340 9 2 r
3355 9 4 g
3370 9 5 g
3400 8 6 g
3407 9 6 g
3415 7 6 r
3422 7 5 r
3430 7 4 g
3437 7 2 b
3445 9 3 r
3452 8 3 b
3460 7 3 r
3467 8 2 r
3475 9 1 b
3482 9 2 b
3490 8 1 g
3497 7 1 r
3505 8 0 g
3512 9 0 r
3520 7 0 g
3527 6 3 b
3535 5 3 r
3542 5 2 g
3550 6 2 r
3565 7 5 r
3580 8 4 b
3640 7 4 g
3647 7 3 b
3655 8 3 b
3662 8 2 b
3670 9 2 g
3670 9 3 b
3673 6 3 r
3677 4 2 b
3677 4 1 g
3681 4 0 r
3685 3 0 b
3685 2 0 b
3688 5 0 r
3692 6 0 b
3692 6 1 b
3696 6 2 r
3700 6 4 g
3700 6 5 g
3700 6 6 g
3703 6 7 b
3703 5 7 r
3707 4 7 g
3707 4 6 g
3707 3 7 r
3711 3 8 b
3711 4 8 g
3715 5 6 g
3715 4 5 g
3715 3 5 r
3718 2 5 r
3718 2 4 b
3722 1 4 b
3722 0 4 g
3722 1 5 r
3726 2 6 g
3726 3 6 g
3730 1 6 r
3730 0 6 g
3730 0 5 b
3733 0 7 r
3733 0 8 b
3737 0 9 r
3737 1 9 b
3737 1 7 g
3741 2 7 g
3741 1 8 r
3745 2 8 g
3745 5 8 b
3745 6 8 g
3748 6 9 b
3748 5 9 r
3752 7 9 g
3752 8 9 g
3752 7 8 g
3756 7 7 b
3756 8 7 g
3760 8 6 r
3767 9 6 r
3775 9 5 b
3782 9 4 g
3790 8 4 r
3805 7 5 r
3812 7 4 r
3820 7 6 g
3835 8 5 r
3850 8 3 b
3880 9 7 b
3880 6 5 g
3887 6 6 r
3887 6 7 g
3895 5 6 g
3895 5 7 g
3902 5 5 r
3902 5 4 r
3910 4 4 g
3910 3 4 r
3917 3 3 g
3917 4 5 r
3925 6 4 b
3925 6 3 g
3932 6 2 b
3932 6 1 g
3940 6 0 g
3940 7 0 r
3947 7 1 b
3947 7 2 b
3955 5 0 b
3955 5 1 r
3962 5 2 b
3962 4 1 r
3970 6 8 b
3970 7 8 b
3977 7 7 b
3977 7 6 r
3985 7 5 r
3985 8 7 g
3992 9 8 g
3992 9 6 g
4000 9 5 b
4000 8 6 r
4007 8 5 b
4007 8 8 g
4015 5 8 r
4015 8 4 b
4022 9 4 g
4022 9 3 r
4030 9 2 b
4030 8 2 r
4037 8 1 g
4037 7 3 b
4045 8 0 r
4045 9 1 g
4052 4 0 b
4052 3 0 g
4060 2 0 g
4060 1 0 g
4600 3 5 g
4607 3 6 g
4607 2 6 g
4615 1 6 b
4622 1 5 r
4622 1 4 r
4630 1 3 b
4637 2 3 b
4637 3 3 g
4645 3 4 r
4652 2 4 r
4652 4 3 r
4660 4 2 g
4667 3 2 b
4667 2 2 b
4675 1 2 b
4682 1 1 b
4682 1 0 g
4690 0 0 r
4697 0 1 g
4697 2 0 g
4705 3 0 g
4712 2 1 r
4712 3 1 g
4720 4 1 r
4727 0 2 r
4727 0 3 r
4735 2 5 g
4742 0 6 b
4742 0 5 g
4750 0 4 b
4757 1 6 r
4765 2 6 b
4772 1 5 b
4780 0 7 g
4795 1 7 r
4810 2 8 b
4840 2 9 g
4840 2 7 g
4847 3 8 r
4855 1 8 r
4855 3 7 b
4862 3 6 r
4870 3 5 g
4870 2 4 r
4877 2 3 r
4885 1 3 b
4885 1 4 g
4892 3 4 g
4900 2 5 g
4900 4 5 g
4907 4 6 r
4915 1 2 b
4915 0 2 b
4922 0 3 g
4930 0 4 r
4930 0 5 g
4937 0 6 b
4945 1 6 b
4945 1 5 g
4952 2 6 g
4960 3 3 g
4960 3 2 r
4967 2 2 b
4975 2 1 r
4975 1 1 r
4982 2 0 b
4990 3 0 g
5005 5 0 r
5020 6 1 r
5020 5 1 b
5080 4 1 r
5087 4 2 r
5087 3 1 r
5095 4 3 r
5102 5 3 r
5102 5 4 r
5110 6 4 r
5117 6 5 b
5117 5 5 r
5125 5 6 r
5132 4 5 r
5132 6 6 r
5140 6 7 g
5147 6 3 b
5147 7 3 r
5155 7 4 r
5162 8 4 r
5162 8 5 g
5170 7 5 b
5177 5 2 g
5177 5 1 g
5185 5 0 r
5192 6 0 g
5192 6 1 g
5200 6 2 g
5207 4 4 r
5215 4 6 g
5222 3 6 g
5230 3 5 b
5245 2 4 r
5252 2 5 r
5260 1 5 g
5275 0 6 r
5290 0 5 g
5320 2 7 g
5327 2 8 g
5335 3 7 b
5342 3 8 g
5350 2 9 g
5357 1 8 r
5365 0 8 b
5372 0 7 g
5380 1 7 b
5387 1 6 g
5395 2 6 b
5402 3 6 r
5410 4 6 b
5417 5 6 g
5425 5 5 b
5432 6 5 r
5440 7 5 g
5447 8 5 r
5455 8 4 r
5462 8 6 r
5470 8 7 g
5477 8 8 r
5485 8 9 r
5492 9 9 r
5500 7 8 b
5560 7 9 b
5582 9 8 r
5590 6 9 g
5605 6 8 g
5620 4 8 r
5635 5 9 g
5650 4 9 b
5665 3 8 r
5680 4 7 r
5702 4 6 g
5710 4 5 b
5725 2 5 r
5740 3 5 g
5785 3 6 g
5800 2 6 b
5822 1 8 g
5830 1 9 g
5845 2 8 b
5860 2 9 r
5875 0 9 r
5890 0 7 b
5905 1 6 b
5920 0 6 b
5935 2 5 g
5950 2 4 b
5965 3 3 g
5980 2 3 g
5995 1 3 g
6010 1 5 g
6025 2 2 r
6040 0 3 r
6062 0 4 b
6070 1 2 r
6085 0 1 g
6100 0 2 b
6115 1 4 b
6130 0 5 g
6145 0 7 r
6160 1 7 r
6182 1 8 b
6190 1 9 b
6205 2 9 r
6220 2 7 b
6250 2 5 b
6295 1 5 r
6325 0 5 b
6340 1 4 r
6355 1 6 g
6370 0 4 r
6385 1 3 r
6400 2 2 r
6445 3 2 b
6445 3 3 r
6445 2 3 r
6460 2 1 r
6460 1 1 r
6460 1 0 b
6520 2 4 r
6520 2 5 b
6527 1 5 r
6527 0 5 b
6527 0 6 r
6527 1 6 g
6535 2 6 r
6535 2 7 g
6542 3 6 r
6542 4 6 r
6542 4 7 r
6542 5 7 b
6550 5 6 r
6550 6 6 b
6557 7 6 g
6557 7 7 r
6557 6 7 g
6557 6 8 b
6565 7 8 g
6565 8 8 r
6572 7 9 r
6572 6 9 r
6572 8 7 b
6572 8 6 g
6580 9 7 r
6580 9 6 g
6587 9 5 g
6587 8 5 g
6587 8 4 b
6587 9 4 g
6595 8 3 b
6595 7 3 r
6602 6 3 g
6602 6 2 g
6602 7 2 b
6602 5 2 r
6610 5 1 r
6610 5 0 b
6617 6 1 r
6617 7 1 r
6617 8 1 b
6617 7 0 b
6625 6 0 g
6625 4 0 r
6632 4 1 b
6632 3 1 g
6632 3 2 g
6632 4 2 b
6640 3 0 b
6640 8 0 g
6647 9 0 b
6647 8 2 b
6647 9 1 g
6647 4 3 r
6655 4 4 g
6655 3 4 g
6662 3 3 g
6662 2 4 g
6662 1 4 g
6662 0 4 g
6670 0 5 b
6670 1 5 b
6677 1 6 g
6677 0 6 b
6685 2 6 b
6685 2 7 g
6692 3 7 g
6692 4 7 g
6700 3 8 b
6700 4 8 r
6715 5 7 b
6715 4 6 b
6730 5 5 g
6730 4 5 g
6760 3 6 g
6760 3 5 b
6760 5 4 b
6760 6 4 b
6767 5 3 r
6767 6 3 g
6775 7 3 r
6775 8 3 b
6775 6 2 g
6775 6 1 g
6782 6 0 g
6782 7 1 r
6790 7 2 g
6790 9 3 r
6790 8 2 r
6790 8 1 b
6797 8 0 r
6797 7 0 b
6805 9 1 g
6805 9 2 g
6805 8 4 b
6805 9 4 g
6812 9 5 g
6812 8 5 r
6820 7 4 g
6820 6 5 b
6820 7 5 r
6820 8 6 r
6827 7 6 g
6827 7 7 r
6835 6 6 b
6835 8 7 b
6835 8 8 r
6835 9 8 b
6842 9 9 r
6842 8 9 g
6850 9 7 r
6850 7 8 b
6850 7 9 b
6850 6 7 b
6857 5 7 g
6857 5 6 b
6865 9 6 g
6865 6 8 b
6865 5 8 g
6865 4 7 g
6872 4 6 r
6872 3 7 g
6880 3 8 b
6880 4 8 g
6880 2 7 r
6880 2 8 r
6887 2 6 b
6887 1 6 g
6895 0 6 r
6895 0 5 g
6895 0 4 r
6895 0 3 g
6902 1 3 r
6902 2 3 g
6910 2 4 r
6910 0 2 g
6925 1 2 b
6925 1 5 g
6940 3 6 g
6940 2 5 g
6940 3 5 g
6940 4 5 b
7000 4 4 g
7000 3 4 g
7007 1 4 b
7007 4 3 b
7007 5 3 g
7007 6 3 r
7015 2 2 b
7015 0 1 g
7022 0 0 r
7022 1 0 r
7022 1 1 r
7022 2 1 r
7030 2 6 b
7030 2 7 b
7037 1 7 g
7037 1 6 r
7037 0 5 r
7037 0 4 g
7045 0 6 r
7045 2 3 b
7052 3 2 r
7052 3 3 r
7052 2 0 g
7052 3 1 r
7060 3 0 b
7060 4 0 b
7067 5 0 g
7067 6 0 g
7067 6 1 g
7067 5 1 b
7075 4 1 g
7075 1 2 g
7082 1 3 r
7082 0 3 r
7082 2 4 g
7082 2 5 b
7090 4 5 g
7090 3 5 r
7097 3 6 b
7097 4 6 g
7097 3 7 b
7097 2 8 r
7105 2 9 r
7105 1 9 r
7112 0 9 r
7112 0 8 b
7112 0 7 b
7112 1 8 r
7120 5 6 r
7120 5 7 r
7127 4 7 b
7127 3 9 b
7135 4 9 g
7135 3 8 g
7142 4 8 b
7142 5 8 b
7150 6 8 b
7150 1 5 b
7165 1 4 r
7165 3 4 b
7172 2 7 b
7172 5 9 r
7180 4 4 r
7180 2 2 g
7195 1 1 b
7195 2 1 r
7210 3 0 r
7210 2 0 b
7240 3 2 g
7240 3 3 r
7240 2 3 g
7247 2 4 b
7247 3 5 b
7247 4 5 g
7255 5 5 r
7255 6 5 g
7255 6 6 b
7262 5 6 b
7262 5 7 b
7262 6 9 b
7270 7 9 r
7270 7 8 r
7270 8 8 b
7277 8 7 b
7277 7 7 g
7277 7 6 r
7285 7 5 b
7285 5 4 r
7285 4 6 b
7292 4 7 r
7292 3 7 g
7292 3 8 b
7300 4 8 b
7300 5 8 b
7300 6 8 b
7307 8 9 b
7307 8 6 r
7307 6 7 r
7315 4 9 b
7315 3 9 b
7315 2 9 b
7322 2 7 g
7322 1 7 b
7322 1 6 b
7330 2 6 g
7330 3 6 b
7330 6 4 g
7337 5 3 g
7337 4 3 g
7337 6 3 b
7345 7 3 r
7345 7 4 b
7345 8 4 g
7352 8 3 r
7352 8 5 g
7352 9 5 g
7360 9 9 r
7360 9 8 r
7360 9 7 r
7367 5 9 b
7367 2 8 r
7367 1 8 g
7375 1 9 r
7375 0 9 b
7375 3 4 g
7382 4 4 b
7382 9 6 b
7382 7 2 r
7390 5 2 g
7390 4 2 b
7390 3 2 b
7397 3 3 r
7397 2 2 g
7397 1 2 r
7405 2 3 r
7405 2 4 r
7405 3 5 r
7412 2 5 r
7412 1 5 b
7412 1 4 b
7420 0 8 b
7420 0 7 r
7420 0 6 r
7480 1 6 b
7480 1 7 b
7480 2 7 g
7480 3 7 b
7481 4 7 b
7481 3 8 b
7481 4 8 b
7481 5 8 r
7483 6 8 r
7483 6 9 b
7483 4 9 g
7483 3 9 r
7485 2 9 r
7485 3 6 b
7485 2 6 r
7485 0 5 r
7487 0 4 g
7487 0 3 g
7487 1 3 r
7487 0 2 r
7489 1 1 b
7489 3 1 g
7489 4 1 b
7489 4 3 r
7491 4 5 b
7491 5 5 g
7491 5 6 b
7491 4 6 b
7493 5 7 r
7493 7 9 b
7493 6 6 g
7493 6 5 b
7495 6 4 g
7495 7 4 b
7495 8 4 b
7495 9 4 b
7496 8 3 r
7496 7 3 r
7496 6 3 r
7496 5 4 b
7498 6 7 b
7498 7 8 g
7498 8 8 r
7498 7 7 b
7500 7 6 g
7500 7 5 r
7500 8 5 b
7500 8 6 b
7502 8 7 g
7502 9 7 r
7502 9 5 r
7502 9 3 g
7504 9 2 r
7504 8 2 r
7504 9 1 g
7504 9 0 b
7506 8 0 b
7506 7 0 b
7506 6 0 g
7506 5 0 r
7508 5 1 r
7508 6 1 r
7510 6 2 b
7510 7 1 b
7510 8 1 r
7510 4 0 g
7511 3 0 r
7511 2 0 b
7511 2 1 g
7513 2 8 b
7513 1 8 b
7517 1 9 b
7517 0 9 b
7517 3 4 b
7519 5 9 b
7519 8 9 b
7521 9 9 g
7521 9 8 b
7523 5 3 r
7526 7 2 b
7534 4 4 r
7536 1 0 b
7536 0 1 g
7536 0 0 r
7540 1 2 b
7540 4 2 r
7541 5 2 r
7543 9 6 r
7545 2 2 r
7547 2 3 r
7549 2 4 g
7549 3 5 r
7556 2 5 b
7560 1 5 g
7562 1 4 r
7579 0 6 r
7579 0 7 g
7581 0 8 b
7583 3 3 r
7583 3 2 r
7624 1 6 b
7626 3 7 g
7628 4 7 r
7628 3 8 b
7630 2 9 r
7630 5 8 b
7630 6 8 b
7631 3 6 r
7631 2 6 b
7631 2 7 r
7633 1 7 b
7633 4 3 b
7633 5 5 b
7633 4 5 b
7635 4 6 g
7635 5 6 b
7635 0 5 b
7635 1 3 b
7637 0 3 b
7637 1 1 g
7637 0 2 b
7639 3 1 r
7639 6 3 b
7639 6 4 r
7639 5 4 r
7641 5 7 r
7641 6 6 r
7641 3 9 r
7641 4 9 g
7643 4 8 r
7643 6 7 g
7643 7 8 b
7645 7 9 b
7645 8 8 g
7645 7 7 g
7645 8 7 b
7646 9 7 b
7646 8 6 g
7646 9 5 r
7646 9 4 r
7648 8 5 g
7648 7 5 r
7648 7 6 g
7648 6 5 b
7650 7 4 b
7650 4 1 b
7650 5 1 r
7650 6 1 g
7652 6 2 r
7652 7 1 b
7652 7 0 r
7652 8 0 b
7654 9 0 g
7654 9 1 r
7654 8 1 r
7656 8 2 b
7656 9 2 r
7656 8 3 b
7658 8 4 r
7660 9 3 g
7660 6 9 g
7660 2 8 r
7660 1 8 r
7661 4 0 b
7661 3 0 b
7663 2 0 g
7663 2 1 g
7665 3 4 b
7665 5 3 r
7665 5 0 b
7667 0 4 g
7667 7 3 b
7671 9 8 r
7671 9 9 r
7675 8 9 r
7675 5 9 g
7678 0 9 g
7678 1 9 r
7680 4 4 r
7680 0 1 r
7684 1 2 b
7684 1 0 g
7686 0 0 r
7686 4 2 r
7686 5 2 b
7690 7 2 b
7691 6 0 g
7693 2 2 b
7695 3 5 g
7701 9 6 r
7705 2 3 r
7708 2 5 r
7710 1 5 r
7710 2 4 g
7718 1 4 r
7725 3 2 g
7738 3 3 r
7742 0 7 b
7746 0 6 g
7750 0 8 g
7766 1 6 r
7770 3 7 g
7772 4 7 g
7772 6 8 g
7772 2 9 r
7776 1 7 g
7776 2 7 g
7778 3 6 g
7778 4 6 r
7780 4 5 b
7780 5 6 r
7780 5 5 b
7781 2 6 r
7781 3 8 b
7781 5 8 g
7783 5 7 r
7783 6 6 g
7783 4 9 g
7785 4 8 r
7787 3 9 g
7787 5 4 g
7787 6 7 b
7789 7 9 g
7789 7 8 r
7789 8 8 b
7791 9 7 r
7791 9 5 g
7791 8 5 b
7791 7 5 b
7793 8 6 b
7793 7 6 r
7793 6 5 g
7793 4 3 g
7795 4 1 r
7795 3 1 b
7795 5 1 b
7795 6 1 b
7796 7 1 g
7796 8 1 b
7796 8 0 g
7796 9 0 b
7798 9 1 b
7798 9 2 r
7800 9 4 g
7800 8 4 g
7800 7 4 r
7800 6 4 g
7802 6 3 b
7802 6 2 r
7802 8 2 r
7804 7 0 b
7804 4 0 b
7804 8 3 b
7804 9 3 b
7806 8 7 b
7806 7 7 r
7806 6 9 r
7808 3 4 b
7808 0 5 b
7808 2 8 g
7810 1 8 g
7811 7 3 r
7811 5 3 r
7811 3 0 b
7813 2 0 r
7817 5 0 b
7819 2 1 r
7821 1 1 r
7823 0 2 g
7823 0 3 g
7823 0 1 b
7823 4 4 g
7825 1 9 g
7826 0 9 r
7828 0 4 b
7828 1 2 b
7830 1 3 b
7832 1 0 r
7836 6 0 g
7836 5 2 r
7838 2 2 b
7840 0 0 b
7841 7 2 b
7843 8 9 r
7843 5 9 g
7845 4 2 b
7845 3 5 b
7851 9 6 g
7851 2 5 g
7853 1 5 g
7853 2 3 g
7853 2 4 b
7864 1 4 g
7864 9 9 r
7881 9 8 b
7883 3 2 r
7886 3 3 b
7892 0 6 b
7894 0 7 r
7894 0 8 g
7915 1 6 r
7915 3 7 b
7916 4 7 b
7918 2 7 g
7922 6 8 r
7922 2 9 r
7924 3 8 r
7926 4 6 b
7926 3 6 b
7926 5 6 b
7928 5 5 r
7928 4 5 r
7930 5 4 b
7930 4 8 g
7930 5 7 g
7931 2 6 r
7931 3 9 b
7933 1 7 r
7933 6 7 g
7933 7 8 b
7935 5 8 b
7935 4 9 b
7935 6 5 g
7937 7 5 r
7937 8 5 b
7939 9 5 g
7939 8 6 g
7941 7 6 r
7941 6 6 g
7941 8 8 g
7943 7 9 b
7943 6 4 g
7945 7 4 g
7945 8 4 b
7945 6 3 b
7946 6 2 r
7946 7 1 b
7946 7 0 g
7946 8 0 r
7948 6 1 g
7948 4 3 g
7948 4 1 b
7950 3 1 r
7950 5 1 b
7950 4 0 g
7950 3 4 g
7952 0 5 g
7952 2 8 g
7952 7 7 b
7954 8 7 g
7954 9 7 b
7954 6 9 g
7956 9 4 r
7956 5 3 g
7956 2 0 b
7958 7 3 b
7960 3 0 b
7961 2 1 b
7961 1 8 r
7963 9 3 r
7965 9 2 g
7965 9 1 g
7967 8 3 g
7969 9 0 b
7969 8 1 b
7969 8 2 g
7971 5 0 b
7971 4 4 g
7973 1 9 g
7973 0 9 g
7973 1 2 r
7973 0 2 b
7975 0 1 b
7976 1 1 r
7978 1 0 r
7984 0 0 r
7984 0 3 g
7984 1 3 r
7986 2 2 g
7986 5 2 g
7988 4 2 b
7988 6 0 b
7990 7 2 b
7993 2 5 r
7993 3 5 r
7995 1 5 g
7995 2 4 r
7997 5 9 g
7999 8 9 r
8003 9 6 b
8006 2 3 g
8014 0 4 b
8016 1 4 g
8023 9 8 r
8023 9 9 b
8036 3 3 g
8040 3 2 r
8046 0 8 g
8050 0 7 b
8051 0 6 b
8057 1 6 b
8059 3 7 r
8063 2 7 b
8065 2 9 g
8068 4 7 g
8070 3 6 r
8070 4 5 g
8070 4 6 b
8072 5 7 r
8074 6 8 g
8076 6 7 g
8078 6 5 r
8078 7 8 r
8080 5 8 g
8080 8 5 r
8081 8 6 b
8083 7 6 g
8083 8 8 r
8085 6 6 r
8085 7 9 b
8085 4 8 b
8085 3 8 g
8087 2 6 r
8087 8 4 g
8089 9 5 b
8089 7 4 b
8089 7 1 g
8089 6 4 g
8091 7 5 g
8091 6 2 r
8091 6 3 r
8091 5 4 b
8093 4 3 b
8093 3 4 r
8093 5 1 r
8095 4 1 r
8095 3 1 g
8096 4 0 g
8096 6 1 r
8096 5 5 b
8098 5 6 r
8100 6 9 b
8100 7 7 b
8100 8 7 r
8100 9 4 r
8102 9 7 g
8102 3 9 r
8104 1 8 g
8104 2 8 r
8106 4 9 r
8106 1 7 g
8106 0 5 b
8108 2 1 r
8110 2 0 r
8110 3 0 g
8110 5 3 r
8111 7 0 r
8111 8 0 b
8113 5 0 r
8113 8 1 g
8115 9 1 g
8115 8 2 g
8117 9 0 g
8117 9 2 g
8119 9 3 r
8119 8 3 g
8121 7 3 r
8123 1 1 b
8123 0 1 r
8125 0 2 r
8125 1 2 r
8126 1 3 b
8126 0 3 b
8130 1 9 b
8132 0 9 b
8134 2 2 r
8136 1 0 b
8138 0 0 g
8138 1 5 r
8138 2 5 b
8140 3 5 g
8140 4 4 b
8141 7 2 r
8141 5 2 r
8143 6 0 r
8143 4 2 r
8143 2 4 r
8149 2 3 b
8151 5 9 g
8153 9 6 g
8160 8 9 g
8164 1 4 b
8166 0 4 b
8171 9 8 g
8171 9 9 g
8183 3 3 r
8188 3 2 g
8192 0 7 g
8196 0 6 b
8209 1 6 g
8211 3 7 r
8211 4 7 g
8216 4 6 r
8220 4 5 r
8220 6 5 r
8220 3 6 g
8222 5 7 r
8224 5 8 r
8224 6 8 b
8226 6 7 r
8226 7 8 b
8228 8 8 r
8228 8 6 b
8228 8 5 r
8230 7 9 g
8231 7 6 b
8231 4 8 g
8231 3 8 r
8233 2 7 b
8233 9 5 b
8233 8 4 g
8235 7 4 g
8235 7 5 r
8237 6 6 b
8237 2 6 g
8239 5 5 b
8239 3 4 b
8239 4 0 r
8241 4 1 r
8241 5 1 g
8241 4 3 b
8243 6 3 b
8243 6 4 g
8243 6 2 r
8243 9 4 r
8245 5 6 b
8245 5 4 b
8246 8 7 b
8246 9 7 g
8246 6 9 b
8248 7 7 r
8248 2 8 b
8250 1 8 g
8250 0 8 r
8252 1 7 b
8252 3 1 g
8254 5 3 r
8254 7 1 b
8254 7 0 r
8256 6 1 g
8256 8 0 g
8258 8 1 g
8258 8 2 g
8260 9 2 r
8260 4 9 r
8260 9 0 b
8261 9 3 r
8263 7 3 b
8265 3 0 b
8265 2 1 r
8267 2 0 b
8267 8 3 g
8269 9 1 b
8269 5 0 b
8269 1 3 g
8271 1 2 g
8273 0 3 b
8273 0 2 b
8275 0 1 g
8275 1 1 g
8275 2 9 r
8276 1 9 b
8276 0 9 r
8282 1 5 r
8284 0 5 g
8284 2 2 b
8284 1 0 b
8286 0 0 b
8286 2 4 g
8288 4 2 g
8288 5 2 r
8288 6 0 g
8291 7 2 g
8293 5 9 g
8295 3 9 b
8297 2 5 g
8297 9 6 g
8301 3 5 g
8305 8 9 g
8310 4 4 r
8314 1 4 b
8320 0 4 r
8321 2 3 g
8329 3 3 r
8329 9 9 r
8336 9 8 b
8342 0 6 b
8344 0 7 g
8359 1 6 g
8359 3 7 g
8359 4 6 r
8363 3 6 b
8366 4 7 r
8368 4 5 b
8368 3 2 b
8368 6 5 r
8372 5 7 r
8374 4 8 g
8374 3 8 g
8378 5 8 g
8378 6 8 b
8378 2 7 r
8380 2 6 g
8381 5 5 r
8381 3 4 b
8381 4 0 r
8383 4 3 g
8383 7 4 g
8385 7 5 g
8385 7 6 r
8385 8 6 b
8387 8 4 g
8387 9 4 b
8387 8 5 g
8389 9 5 r
8389 9 7 g
8389 8 7 r
8391 8 8 b
8391 7 8 r
8391 7 7 g
8393 6 6 b
8393 6 7 r
8395 6 4 g
8395 5 4 r
8395 1 7 b
8396 0 8 g
8396 1 8 r
8398 2 8 g
8398 4 1 g
8400 3 1 b
8400 6 3 r
8402 6 2 r
8404 5 3 b
8404 5 6 r
8404 8 2 r
8404 9 3 r
8406 9 2 g
8406 9 0 b
8406 8 0 b
8408 8 1 r
8408 7 1 r
8410 6 1 g
8410 7 0 r
8411 9 1 g
8413 5 1 r
8413 1 3 r
8415 5 0 b
8415 7 3 r
8415 8 3 g
8417 0 3 g
8417 0 2 b
8419 1 2 g
8419 1 1 b
8419 2 1 b
8421 3 0 g
8421 2 0 g
8423 0 1 b
8423 7 9 r
8425 6 9 b
8425 4 9 g
8426 1 5 g
8426 0 5 b
8430 2 4 r
8432 2 2 b
8432 4 2 g
8434 5 2 g
8436 1 0 g
8436 0 0 g
8436 2 9 b
8438 1 9 b
8438 0 9 b
8447 3 9 r
8455 3 5 b
8470 2 3 g
8485 3 3 g
8507 4 4 g
8515 6 5 g
8522 5 7 g
8530 5 8 g
8537 5 9 g
8545 4 8 b
8552 3 8 b
8560 6 8 r
8560 7 8 b
8560 5 6 r
8560 6 6 g
8561 6 4 b
8561 7 4 r
8561 8 4 b
8561 8 3 r
8563 8 2 g
8563 9 3 r
8563 9 4 g
8563 7 2 r
8565 7 3 g
8565 6 3 b
8565 7 1 b
8565 7 0 b
8567 8 1 r
8567 8 0 r
8567 9 1 g
8567 9 0 b
8569 6 1 r
8569 6 0 r
8569 5 0 b
8569 4 0 b
8571 3 0 r
8571 3 1 r
8571 3 2 b
8571 4 3 b
8573 3 4 r
8573 2 4 b
8573 2 5 b
8573 1 5 b
8575 0 5 r
8575 0 4 r
8575 1 4 b
8575 0 3 r
8576 1 3 b
8576 0 6 g
8576 0 7 b
8576 0 8 r
8578 1 8 g
8578 1 6 r
8578 0 2 r
8578 1 2 g
8580 1 1 r
8580 2 1 r
8580 2 2 b
8580 5 4 g
8582 5 3 b
8582 2 0 b
8582 0 1 b
8582 2 6 r
8584 2 7 b
8584 3 7 g
8584 4 7 g
8584 5 5 r
8586 4 6 r
8586 4 9 g
8586 7 7 b
8586 6 7 r
8588 4 5 g
8588 7 5 b
8588 3 6 g
8588 4 2 b
8590 5 2 g
8590 4 1 b
8590 1 0 b
8590 0 0 g
8591 1 7 b
8591 2 8 g
8591 0 9 g
8591 1 9 g
8593 5 1 g
8593 6 2 b
8593 2 9 g
8593 3 9 g
8595 7 6 g
8597 9 2 b
8597 3 5 b
8599 6 9 b
8599 7 9 b
8599 8 7 g
8599 8 8 b
8601 9 8 r
8603 9 7 b
8603 8 9 g
8603 9 9 g
8605 8 6 r
8606 8 5 b
8618 9 5 r
8620 2 3 b
8623 9 6 g
8631 3 3 r
