Sample Input 1

6 6
0 2 3 2 2 4
1 2 0 1 2 2
1 2 1 1 2 1
0 1 2 2 2 1
0 1 2 1 2 3
0 1 2 2 2 1

Output: 16

Sample Input 2

7 8
2 2 2 2 2 4 2 4
2 3 3 2 2 2 1 2
2 2 2 0 2 2 2 2
2 2 2 2 2 2 2 2
3 2 2 2 2 4 2 2
3 3 2 2 2 2 2 2
4 2 1 2 2 2 2 2

Output: 32

Test 1

1 8
0 1 3 3 2 4 2 4

Output: 4

Test 2

8 8
2 3 1 1 0 1 2 4
2 2 2 3 2 2 3 2
2 2 2 2 3 3 3 1
2 3 3 0 2 4 2 3
2 2 3 2 1 2 1 2
2 3 2 1 2 3 2 2
1 3 3 3 2 1 0 3
3 2 1 2 1 1 2 2

Output: 36

Test 3

4 5
2 2 1 2 2
2 4 3 4 2
1 2 4 2 1
2 1 2 1 2

Output: 17