18 27
437 289 197 470 530 3   558 590 459 311 303 999 141 335 580 165 834 668
967 605 29  645 546 31  423 879 412 239 727 739 203 600 934 350 811 358
179 261 406 363 448 781 945 248 641 548 499 579 86  789 174 489 494 296
533 285 195 403 132 841 286 339 27  925 486 384 396 88  835 75  959 299
402 986 514 847 555 163 772 109 387 38  201 345 508 878 198 848 738 746
58  793 767 473 133 425 516 66  17  522 178 583 277 488 897 154 221 818
281 33  59  717 896 679 128 47  460 450 947 493 623 212 504 859 160 950
544 200 708 28  993 842 634 996 599 856 907 247 519 90  968 324 359 917
562 202 351 526 622 115 54  479 830 672 472 908 707 100 63  764 721 222
595 502 872 865 949 337 304 576 465 729 164 627 374 894 611 24  971 877
792 26  551 957 314 6   269 332 740 610 761 689 73  757 742 780 344 122
536 408 19  107 21  147 292 399 264 252 916 492 155 280 667 909 360 102
223 475 283 134 718 161 632 889 511 171 127 801 892 94  799 405 861 700
629 626 275 843 159 724 831 589 674 723 4   231 592 108 966 318 458 176
828 177 369 773 172 719 245 305 752 578 153 552 50  728 273 911 7   325
642 188 246 874 207 347 628 382 388 591 766 256 985 380 571 983 209 594
140 650 105 501 184 839 255 397 535 809 808 647 9   702 112 356 240 123
556 566 288 804 662 593 390 680 521 849 963 446 648 120 958 462 586 321
103 315 901 549 559 355 930 386 51  156 800 953 22  431 617 71  763 871
10  118 113 817 509 743 624 779 575 749 640 189 362 56  290 564 194 320
352 832 734 651 453 929 265 965 419 420 541 563 602 442 89  656 205 238
20  95  569 181 819 827 869 225 300 695 875 598 394 891 104 568 444 322
944 306 821 699 991 777 456 573 769 480 784 30  962 952 173 760 984 117
900 678 96  45  80  364 268 138 338 867 503 5   87  204 537 167 266 481
67  343 131 389 323 428 547 25  759 995 136 837 857 409 302 233 249 383
438 625 79  309 704 404 644 716 932 705 735 398 794 572 980 927 216 737
317 820 226 588 432 675 775 931 686 978 373 557 529 918 40  263 990 91 
